[{
    "maze": "Woods101-v0",
    "avg_knowledge": 100.0,
    "std_knowledge": 0.0,
    "avg_population": 581.1333333333333,
    "std_population": 35.25545527201119,
    "avg_numerosity": 1201.5333333333333,
    "std_numerosity": 13.353892195970776,
    "avg_reliable": 157.36666666666667,
    "std_reliable": 22.7436741236696,
    "avg_pees_matching_non_aliased_states": 90.7,
    "std_pees_matching_non_aliased_states": 10.164678531816557,
    "avg_mean_reliable_classifier_specificity": 0.82171406951414,
    "std_mean_reliable_classifier_specificity": 0.012795508615306667,
    "avg_full_knowledge_first_trial_list": 53.36666666666667,
    "std_full_knowledge_first_trial_list": 11.03125132281585,
    "avg_full_knowledge_stable_trial_list": 791.8666666666667,
    "std_full_knowledge_stable_trial_list": 1220.3817021123245,
    "knowledge_list": [100.0, 100.0, 100.0, 100.0, 100.0, 100.0, 100.0, 100.0, 100.0, 100.0, 100.0, 100.0, 100.0, 100.0, 100.0, 100.0, 100.0, 100.0, 100.0, 100.0, 100.0, 100.0, 100.0, 100.0, 100.0, 100.0, 100.0, 100.0, 100.0, 100.0],
    "population_list": [615, 597, 583, 546, 528, 547, 596, 615, 570, 609, 616, 644, 592, 608, 577, 627, 522, 555, 603, 579, 587, 570, 566, 516, 507, 575, 635, 554, 594, 601],
    "numerosity_list": [1201, 1201, 1192, 1202, 1183, 1197, 1198, 1225, 1201, 1197, 1219, 1231, 1208, 1197, 1202, 1211, 1182, 1201, 1203, 1186, 1207, 1189, 1198, 1180, 1186, 1205, 1237, 1201, 1204, 1202],
    "reliable_list": [171, 149, 186, 138, 133, 157, 193, 161, 150, 171, 163, 201, 168, 165, 149, 195, 124, 158, 176, 156, 167, 141, 134, 122, 119, 124, 192, 137, 161, 160],
    "pees_matching_non_aliased_states_list": [98, 94, 98, 81, 84, 85, 95, 94, 99, 98, 84, 118, 101, 86, 76, 107, 67, 87, 90, 95, 91, 90, 93, 82, 71, 95, 91, 84, 96, 91],
    "mean_reliable_classifier_specificity_list": [0.8326023391812866, 0.8095637583892618, 0.8118279569892473, 0.8152173913043478, 0.8345864661654135, 0.8176751592356688, 0.819300518134715, 0.8222049689440993, 0.8108333333333333, 0.797514619883041, 0.8113496932515337, 0.8090796019900498, 0.8325892857142857, 0.8098484848484848, 0.8380872483221476, 0.8083333333333333, 0.7983870967741935, 0.8417721518987342, 0.8302556818181818, 0.8221153846153846, 0.8241017964071856, 0.8413120567375887, 0.8348880597014925, 0.8309426229508197, 0.8287815126050421, 0.844758064516129, 0.81640625, 0.8293795620437956, 0.8167701863354038, 0.8109375],
    "full_knowledge_first_trial_list": [62, 60, 51, 61, 72, 45, 53, 41, 45, 62, 50, 53, 50, 65, 67, 61, 84, 60, 39, 61, 55, 34, 45, 54, 40, 47, 39, 49, 52, 44],
    "full_knowledge_stable_trial_list": [147, 67, 366, 3986, 1445, 259, 309, 86, 161, 149, 2886, 471, 61, 248, 220, 2271, 472, 141, 58, 133, 80, 258, 711, 1710, 420, 63, 4977, 681, 127, 793],
    "proba_list": [
        ["1#00#001", 3, "{0:74.35%, 1:25.65%}{0:50.51%, 1:49.49%}{1:75.21%, 0:24.79%}{1:77.13%, 0:22.87%}{0:45.41%, 9:43.22%, 1:11.37%}{1:77.13%, 0:22.87%}{1:75.87%, 0:24.13%}{0:70.00%, 1:30.00%}", "11010111", 4, "{0:70.22%, 1:29.78%}{0:70.22%, 1:29.78%}{1:70.22%, 0:29.78%}#####", "01##1#11", 0, "#{1:50.96%, 0:49.04%}##{0:55.25%, 1:44.75%}##{1:71.10%, 0:28.90%}", "1101#111", 4, "{0:70.22%, 1:29.78%}{0:70.22%, 1:29.78%}{1:70.22%, 0:29.78%}#####", "11010#11", 4, "{0:70.22%, 1:29.78%}{0:70.22%, 1:29.78%}{1:70.22%, 0:29.78%}#####", "#11#11#1", 0, "#{1:50.96%, 0:49.04%}##{0:55.25%, 1:44.75%}##{1:71.10%, 0:28.90%}", "1101#111", 4, "{0:100.00%}{0:100.00%}{1:100.00%}#####", "#1001001", 3, "{0:74.03%, 1:25.97%}{0:51.92%, 1:48.08%}{1:74.03%, 0:25.97%}{1:100.00%}{0:51.24%, 9:48.76%}{1:100.00%}{1:100.00%}{0:69.85%, 1:30.15%}"],
        ["1#01011#", 4, "{0:65.82%, 1:34.18%}{0:65.82%, 1:34.18%}{1:65.82%, 0:34.18%}{1:85.47%, 0:14.53%}{0:85.47%, 1:14.53%}{1:85.47%, 0:14.53%}{1:85.47%, 0:14.53%}#", "11#01#01", 3, "{0:70.51%, 1:29.49%}{1:53.65%, 0:46.35%}{1:71.34%, 0:28.66%}{1:74.59%, 0:25.41%}{0:44.07%, 9:40.62%, 1:15.31%}{1:74.59%, 0:25.41%}{1:71.67%, 0:28.33%}{0:69.15%, 1:30.85%}", "11#010#1", 3, "{0:70.51%, 1:29.49%}{1:53.65%, 0:46.35%}{1:71.34%, 0:28.66%}{1:74.59%, 0:25.41%}{0:44.07%, 9:40.62%, 1:15.31%}{1:74.59%, 0:25.41%}{1:71.67%, 0:28.33%}{0:69.15%, 1:30.85%}", "01111#11", 0, "#{1:56.46%, 0:43.54%}##{0:68.09%, 1:31.91%}##{1:52.70%, 0:47.30%}", "1#001001", 3, "{0:70.51%, 1:29.49%}{1:53.65%, 0:46.35%}{1:71.34%, 0:28.66%}{1:74.59%, 0:25.41%}{0:44.07%, 9:40.62%, 1:15.31%}{1:74.59%, 0:25.41%}{1:71.67%, 0:28.33%}{0:69.15%, 1:30.85%}"],
        ["#11#1##1", 0, "#{1:51.90%, 0:48.10%}##{0:67.41%, 1:32.59%}##{1:57.87%, 0:42.13%}", "1#0010##", 3, "{0:73.73%, 1:26.27%}{1:55.52%, 0:44.48%}{1:75.38%, 0:24.62%}{1:77.25%, 0:22.75%}{0:51.70%, 9:36.75%, 1:11.55%}{1:77.25%, 0:22.75%}{1:73.73%, 0:26.27%}{0:69.88%, 1:30.12%}", "11010111", 4, "{0:68.57%, 1:31.43%}{0:68.57%, 1:31.43%}{1:68.57%, 0:31.43%}#####", "11010111", 4, "{0:100.00%}{0:100.00%}{1:100.00%}#####"],
        ["#101011#", 4, "{0:63.13%, 1:36.87%}{0:63.13%, 1:36.87%}{1:63.13%, 0:36.87%}{1:84.19%, 0:15.81%}{0:84.19%, 1:15.81%}{1:84.19%, 0:15.81%}{1:84.19%, 0:15.81%}#", "#1#11##1", 0, "#{1:57.43%, 0:42.57%}##{0:64.48%, 1:35.52%}##{1:54.45%, 0:45.55%}", "11#01001", 3, "{0:65.67%, 1:34.33%}{1:50.38%, 0:49.62%}{1:68.31%, 0:31.69%}{1:71.82%, 0:28.18%}{9:43.76%, 0:38.52%, 1:17.72%}{1:71.82%, 0:28.18%}{1:66.96%, 0:33.04%}{0:64.62%, 1:35.38%}"],
        ["#1##1#11", 0, "#{1:54.70%, 0:45.30%}##{0:70.61%, 1:29.39%}##{1:52.29%, 0:47.71%}", "#1#0100#", 3, "{0:69.19%, 1:30.81%}{1:56.76%, 0:43.24%}{1:70.89%, 0:29.11%}{1:76.46%, 0:23.54%}{0:49.49%, 9:36.84%, 1:13.67%}{1:76.46%, 0:23.54%}{1:72.49%, 0:27.51%}{0:66.43%, 1:33.57%}", "1101011#", 4, "{0:70.23%, 1:29.77%}{0:70.23%, 1:29.77%}{1:70.23%, 0:29.77%}#####", "11010111", 4, "{0:70.24%, 1:29.76%}{0:70.24%, 1:29.76%}{1:70.24%, 0:29.76%}#####", "1#001001", 3, "{0:69.19%, 1:30.81%}{1:56.76%, 0:43.24%}{1:70.89%, 0:29.11%}{1:76.46%, 0:23.54%}{0:49.49%, 9:36.84%, 1:13.67%}{1:76.46%, 0:23.54%}{1:72.49%, 0:27.51%}{0:66.43%, 1:33.57%}", "110#0111", 4, "{0:100.00%}{0:100.00%}{1:100.00%}#####", "11010111", 4, "{0:100.00%}{0:100.00%}{1:100.00%}#####", "11010#11", 4, "{0:100.00%}{0:100.00%}{1:100.00%}#####"],
        ["1#01011#", 4, "{0:63.01%, 1:36.99%}{0:63.01%, 1:36.99%}{1:63.01%, 0:36.99%}{1:78.91%, 0:21.09%}{0:78.91%, 1:21.09%}{1:78.91%, 0:21.09%}{1:78.91%, 0:21.09%}#", "1#001001", 3, "{0:64.46%, 1:35.54%}{1:60.50%, 0:39.50%}{1:64.51%, 0:35.49%}{1:68.20%, 0:31.80%}{0:45.62%, 9:31.59%, 1:22.79%}{1:68.20%, 0:31.80%}{1:66.72%, 0:33.28%}{0:63.24%, 1:36.76%}", "#1##11#1", 0, "#{1:51.63%, 0:48.37%}##{0:63.14%, 1:36.86%}##{1:61.72%, 0:38.28%}", "#1111#11", 0, "#{1:51.63%, 0:48.37%}##{0:63.14%, 1:36.86%}##{1:61.72%, 0:38.28%}", "11001#0#", 3, "{0:64.46%, 1:35.54%}{1:60.50%, 0:39.50%}{1:64.51%, 0:35.49%}{1:68.20%, 0:31.80%}{0:45.62%, 9:31.59%, 1:22.79%}{1:68.20%, 0:31.80%}{1:66.72%, 0:33.28%}{0:63.24%, 1:36.76%}"],
        ["1101011#", 4, "{0:66.92%, 1:33.08%}{0:66.92%, 1:33.08%}{1:66.92%, 0:33.08%}{1:86.18%, 0:13.82%}{0:86.18%, 1:13.82%}{1:86.18%, 0:13.82%}{1:86.18%, 0:13.82%}#", "#1##1#11", 0, "#{1:54.53%, 0:45.47%}##{0:62.66%, 1:37.34%}##{1:58.98%, 0:41.02%}", "1100#001", 3, "{0:69.92%, 1:30.08%}{1:57.28%, 0:42.72%}{1:74.51%, 0:25.49%}{1:79.77%, 0:20.23%}{0:52.08%, 9:38.82%, 1:9.10%}{1:79.77%, 0:20.23%}{1:69.92%, 0:30.08%}{0:69.80%, 1:30.20%}", "110010#1", 3, "{0:69.92%, 1:30.08%}{1:57.28%, 0:42.72%}{1:74.51%, 0:25.49%}{1:79.77%, 0:20.23%}{0:52.08%, 9:38.82%, 1:9.10%}{1:79.77%, 0:20.23%}{1:69.92%, 0:30.08%}{0:69.80%, 1:30.20%}", "1#001001", 3, "{0:71.03%, 1:28.97%}{1:57.08%, 0:42.92%}{1:74.24%, 0:25.76%}{1:78.87%, 0:21.13%}{0:51.60%, 9:38.76%, 1:9.63%}{1:78.87%, 0:21.13%}{1:69.73%, 0:30.27%}{0:71.03%, 1:28.97%}", "#1001001", 3, "{0:69.68%, 1:30.32%}{1:57.52%, 0:42.48%}{1:74.17%, 0:25.83%}{1:78.66%, 0:21.34%}{0:51.09%, 9:38.13%, 1:10.78%}{1:78.66%, 0:21.34%}{1:69.68%, 0:30.32%}{0:69.68%, 1:30.32%}", "1#0010#1", 3, "{0:100.00%}{0:50.57%, 1:49.43%}{1:100.00%}{1:100.00%}{9:50.57%, 0:49.43%}{1:100.00%}{1:100.00%}{0:100.00%}"],
        ["#1#11111", 0, "#{1:57.75%, 0:42.25%}##{0:68.99%, 1:31.01%}##{1:50.47%, 0:49.53%}", "1#001001", 3, "{0:66.87%, 1:33.13%}{1:55.75%, 0:44.25%}{1:66.93%, 0:33.07%}{1:75.24%, 0:24.76%}{0:46.63%, 9:39.42%, 1:13.95%}{1:75.24%, 0:24.76%}{1:68.76%, 0:31.24%}{0:66.87%, 1:33.13%}", "1101011#", 4, "{0:66.60%, 1:33.40%}{0:66.60%, 1:33.40%}{1:66.60%, 0:33.40%}#####", "11010111", 4, "{0:66.60%, 1:33.40%}{0:66.60%, 1:33.40%}{1:66.60%, 0:33.40%}#####", "1100100#", 3, "{0:66.87%, 1:33.13%}{1:55.75%, 0:44.25%}{1:66.93%, 0:33.07%}{1:75.24%, 0:24.76%}{0:46.63%, 9:39.42%, 1:13.95%}{1:75.24%, 0:24.76%}{1:68.76%, 0:31.24%}{0:66.87%, 1:33.13%}", "11010#11", 4, "{0:100.00%}{0:100.00%}{1:100.00%}#####"],
        ["1101#111", 4, "{0:63.81%, 1:36.19%}{0:63.81%, 1:36.19%}{1:63.81%, 0:36.19%}#####", "1#001001", 3, "{0:67.94%, 1:32.06%}{1:53.53%, 0:46.47%}{1:69.97%, 0:30.03%}{1:73.50%, 0:26.50%}{0:42.93%, 9:41.19%, 1:15.87%}{1:73.50%, 0:26.50%}{1:67.98%, 0:32.02%}{0:67.61%, 1:32.39%}", "#1#11##1", 0, "#{0:50.60%, 1:49.40%}##{0:67.65%, 1:32.35%}##{1:59.98%, 0:40.02%}", "11010111", 4, "{0:100.00%}{0:100.00%}{1:100.00%}#####", "11010111", 4, "{0:63.81%, 1:36.19%}{0:63.81%, 1:36.19%}{1:63.81%, 0:36.19%}#####", "1101011#", 4, "{0:63.81%, 1:36.19%}{0:63.81%, 1:36.19%}{1:63.81%, 0:36.19%}#####", "11010#11", 4, "{0:63.81%, 1:36.19%}{0:63.81%, 1:36.19%}{1:63.81%, 0:36.19%}#####"],
        ["1101011#", 4, "{0:66.35%, 1:33.65%}{0:66.35%, 1:33.65%}{1:66.35%, 0:33.65%}{1:85.36%, 0:14.64%}{0:85.36%, 1:14.64%}{1:85.36%, 0:14.64%}{1:85.36%, 0:14.64%}#", "#1##11#1", 0, "#{1:52.20%, 0:47.80%}##{0:62.43%, 1:37.57%}##{1:62.36%, 0:37.64%}", "#100100#", 3, "{0:67.48%, 1:32.52%}{1:55.75%, 0:44.25%}{1:67.82%, 0:32.18%}{1:68.92%, 0:31.08%}{0:43.36%, 9:35.42%, 1:21.22%}{1:68.92%, 0:31.08%}{1:67.48%, 0:32.52%}{0:65.11%, 1:34.89%}", "1100100#", 3, "{0:67.48%, 1:32.52%}{1:55.75%, 0:44.25%}{1:67.82%, 0:32.18%}{1:68.92%, 0:31.08%}{0:43.36%, 9:35.42%, 1:21.22%}{1:68.92%, 0:31.08%}{1:67.48%, 0:32.52%}{0:65.11%, 1:34.89%}", "#11#1##1", 0, "#{1:52.20%, 0:47.80%}##{0:62.43%, 1:37.57%}##{1:62.36%, 0:37.64%}"],
        ["1#001001", 3, "{0:72.75%, 1:27.25%}{1:53.45%, 0:46.55%}{1:74.08%, 0:25.92%}{1:74.85%, 0:25.15%}{0:44.32%, 9:41.49%, 1:14.19%}{1:74.85%, 0:25.15%}{1:72.75%, 0:27.25%}{0:72.08%, 1:27.92%}", "#1#11#11", 0, "#{1:52.20%, 0:47.80%}##{0:68.42%, 1:31.58%}##{1:56.53%, 0:43.47%}", "110010#1", 3, "{0:72.75%, 1:27.25%}{1:53.45%, 0:46.55%}{1:74.08%, 0:25.92%}{1:74.85%, 0:25.15%}{0:44.32%, 9:41.49%, 1:14.19%}{1:74.85%, 0:25.15%}{1:72.75%, 0:27.25%}{0:72.08%, 1:27.92%}", "11010111", 4, "{0:100.00%}{0:100.00%}{1:100.00%}#####"],
        ["110##111", 4, "{0:68.16%, 1:31.84%}{0:68.16%, 1:31.84%}{1:68.16%, 0:31.84%}#####", "1101#111", 4, "{0:68.16%, 1:31.84%}{0:68.16%, 1:31.84%}{1:68.16%, 0:31.84%}#####", "11010#11", 4, "{0:68.16%, 1:31.84%}{0:68.16%, 1:31.84%}{1:68.16%, 0:31.84%}#####", "1#001001", 3, "{0:65.63%, 1:34.37%}{1:63.06%, 0:36.94%}{1:66.49%, 0:33.51%}{1:71.03%, 0:28.97%}{0:52.21%, 9:28.29%, 1:19.50%}{1:71.03%, 0:28.97%}{1:66.78%, 0:33.22%}{0:63.98%, 1:36.02%}", "110#0111", 4, "{0:68.16%, 1:31.84%}{0:68.16%, 1:31.84%}{1:68.16%, 0:31.84%}#####", "#11#1##1", 0, "#{1:50.10%, 0:49.90%}##{0:64.39%, 1:35.61%}##{1:62.72%, 0:37.28%}", "#1#11##1", 0, "#{1:50.10%, 0:49.90%}##{0:64.39%, 1:35.61%}##{1:62.72%, 0:37.28%}", "11010111", 4, "{0:68.29%, 1:31.71%}{0:68.29%, 1:31.71%}{1:68.29%, 0:31.71%}#####"],
        ["#1#11##1", 0, "#{0:57.17%, 1:42.83%}##{0:68.58%, 1:31.42%}##{1:67.82%, 0:32.18%}", "110#100#", 3, "{0:69.48%, 1:30.52%}{1:56.70%, 0:43.30%}{1:73.42%, 0:26.58%}{1:76.19%, 0:23.81%}{0:47.29%, 9:38.80%, 1:13.91%}{1:76.19%, 0:23.81%}{1:69.53%, 0:30.47%}{0:69.34%, 1:30.66%}", "11010#11", 4, "{0:68.06%, 1:31.94%}{0:68.06%, 1:31.94%}{1:68.06%, 0:31.94%}#####", "11010111", 4, "{0:68.06%, 1:31.94%}{0:68.06%, 1:31.94%}{1:68.06%, 0:31.94%}#####", "110#0111", 4, "{0:68.06%, 1:31.94%}{0:68.06%, 1:31.94%}{1:68.06%, 0:31.94%}#####", "110#0111", 4, "{0:100.00%}{0:100.00%}{1:100.00%}#####"],
        ["#1##1111", 0, "#{1:52.10%, 0:47.90%}##{0:69.05%, 1:30.95%}##{1:55.91%, 0:44.09%}", "11010111", 4, "{0:58.53%, 1:41.47%}{0:58.53%, 1:41.47%}{1:58.53%, 0:41.47%}#####", "11010#11", 4, "{0:58.53%, 1:41.47%}{0:58.53%, 1:41.47%}{1:58.53%, 0:41.47%}#####", "1101#111", 4, "{0:58.53%, 1:41.47%}{0:58.53%, 1:41.47%}{1:58.53%, 0:41.47%}#####", "1#0#1001", 3, "{0:63.46%, 1:36.54%}{1:51.35%, 0:48.65%}{1:63.46%, 0:36.54%}{1:65.41%, 0:34.59%}{9:41.49%, 0:32.67%, 1:25.84%}{1:65.41%, 0:34.59%}{1:64.39%, 0:35.61%}{0:62.18%, 1:37.82%}", "110#0111", 4, "{0:58.53%, 1:41.47%}{0:58.53%, 1:41.47%}{1:58.53%, 0:41.47%}#####", "1100100#", 3, "{0:63.46%, 1:36.54%}{1:51.35%, 0:48.65%}{1:63.46%, 0:36.54%}{1:65.41%, 0:34.59%}{9:41.49%, 0:32.67%, 1:25.84%}{1:65.41%, 0:34.59%}{1:64.39%, 0:35.61%}{0:62.18%, 1:37.82%}"],
        ["11010111", 4, "{0:56.28%, 1:43.72%}{0:56.28%, 1:43.72%}{1:56.28%, 0:43.72%}{1:82.56%, 0:17.44%}{0:82.56%, 1:17.44%}{1:82.56%, 0:17.44%}{1:82.56%, 0:17.44%}#", "011#1#11", 0, "#{0:52.89%, 1:47.11%}##{0:71.75%, 1:28.25%}##{1:59.97%, 0:40.03%}", "1#00100#", 3, "{0:63.59%, 1:36.41%}{1:57.15%, 0:42.85%}{1:63.80%, 0:36.20%}{1:72.14%, 0:27.86%}{0:45.09%, 9:36.89%, 1:18.02%}{1:72.14%, 0:27.86%}{1:65.99%, 0:34.01%}{0:63.56%, 1:36.44%}"],
        ["#1#11#11", 0, "#{1:53.41%, 0:46.59%}##{0:61.71%, 1:38.29%}##{1:61.05%, 0:38.95%}", "1#00#001", 3, "{0:67.66%, 1:32.34%}{0:51.43%, 1:48.57%}{1:67.82%, 0:32.18%}{1:70.96%, 0:29.04%}{9:46.40%, 0:34.68%, 1:18.92%}{1:70.96%, 0:29.04%}{1:69.45%, 0:30.55%}{0:67.66%, 1:32.34%}", "11#10111", 4, "{0:100.00%}{0:100.00%}{1:100.00%}#####", "11010111", 4, "{0:73.86%, 1:26.14%}{0:73.86%, 1:26.14%}{1:73.86%, 0:26.14%}#####"],
        ["#101011#", 4, "{0:69.15%, 1:30.85%}{0:69.15%, 1:30.85%}{1:69.15%, 0:30.85%}{1:85.85%, 0:14.15%}{0:85.85%, 1:14.15%}{1:85.85%, 0:14.15%}{1:85.85%, 0:14.15%}#", "#11#11#1", 0, "#{1:69.52%, 0:30.48%}##{0:61.83%, 1:38.17%}##{0:53.11%, 1:46.89%}", "1#001#01", 3, "{0:70.42%, 1:29.58%}{1:51.25%, 0:48.75%}{1:70.61%, 0:29.39%}{1:73.38%, 0:26.62%}{0:42.49%, 9:41.60%, 1:15.91%}{1:73.38%, 0:26.62%}{1:71.10%, 0:28.90%}{0:67.58%, 1:32.42%}"],
        ["#11#1##1", 0, "#{0:50.99%, 1:49.01%}##{0:72.69%, 1:27.31%}##{1:56.50%, 0:43.50%}", "1#0#1001", 3, "{0:70.49%, 1:29.51%}{1:56.50%, 0:43.50%}{1:70.53%, 0:29.47%}{1:75.28%, 0:24.72%}{0:48.02%, 9:38.27%, 1:13.70%}{1:75.28%, 0:24.72%}{1:70.66%, 0:29.34%}{0:70.22%, 1:29.78%}", "#1010111", 4, "{0:71.10%, 1:28.90%}{0:71.10%, 1:28.90%}{1:71.10%, 0:28.90%}{1:85.63%, 0:14.37%}{0:85.63%, 1:14.37%}{1:85.63%, 0:14.37%}{1:85.63%, 0:14.37%}#", "#1001001", 3, "{0:70.49%, 1:29.51%}{1:56.50%, 0:43.50%}{1:70.53%, 0:29.47%}{1:75.28%, 0:24.72%}{0:48.02%, 9:38.27%, 1:13.70%}{1:75.28%, 0:24.72%}{1:70.66%, 0:29.34%}{0:70.22%, 1:29.78%}"],
        ["1#01011#", 4, "{0:63.34%, 1:36.66%}{0:63.34%, 1:36.66%}{1:63.34%, 0:36.66%}{1:87.72%, 0:12.28%}{0:87.72%, 1:12.28%}{1:87.72%, 0:12.28%}{1:87.72%, 0:12.28%}#", "1101011#", 4, "{0:63.34%, 1:36.66%}{0:63.34%, 1:36.66%}{1:63.34%, 0:36.66%}{1:87.72%, 0:12.28%}{0:87.72%, 1:12.28%}{1:87.72%, 0:12.28%}{1:87.72%, 0:12.28%}#", "#1001001", 3, "{0:68.22%, 1:31.78%}{1:56.75%, 0:43.25%}{1:68.25%, 0:31.75%}{1:70.05%, 0:29.95%}{0:45.41%, 9:34.33%, 1:20.25%}{1:70.05%, 0:29.95%}{1:68.77%, 0:31.23%}{0:65.22%, 1:34.78%}", "#1##1111", 0, "#{1:54.93%, 0:45.07%}##{0:60.29%, 1:39.71%}##{1:61.03%, 0:38.97%}", "##1111#1", 0, "#{1:54.93%, 0:45.07%}##{0:60.29%, 1:39.71%}##{1:61.03%, 0:38.97%}", "110010#1", 3, "{0:68.21%, 1:31.79%}{1:56.75%, 0:43.25%}{1:68.24%, 0:31.76%}{1:70.03%, 0:29.97%}{0:45.41%, 9:34.33%, 1:20.26%}{1:70.03%, 0:29.97%}{1:68.75%, 0:31.25%}{0:65.21%, 1:34.79%}"],
        ["110010#1", 3, "{0:69.08%, 1:30.92%}{1:59.80%, 0:40.20%}{1:70.51%, 0:29.49%}{1:73.80%, 0:26.20%}{0:49.07%, 9:34.79%, 1:16.14%}{1:73.80%, 0:26.20%}{1:69.11%, 0:30.89%}{0:69.06%, 1:30.94%}", "11010111", 4, "{0:65.67%, 1:34.33%}{0:65.67%, 1:34.33%}{1:65.67%, 0:34.33%}#####", "1101#111", 4, "{0:65.67%, 1:34.33%}{0:65.67%, 1:34.33%}{1:65.67%, 0:34.33%}#####", "#11#1##1", 0, "#{1:56.28%, 0:43.72%}##{0:62.50%, 1:37.50%}##{1:57.61%, 0:42.39%}", "11010111", 4, "{0:64.05%, 1:35.95%}{0:64.05%, 1:35.95%}{1:64.05%, 0:35.95%}{1:83.50%, 0:16.50%}{0:83.50%, 1:16.50%}{1:83.50%, 0:16.50%}{1:83.50%, 0:16.50%}#", "11010111", 4, "{0:100.00%}{0:100.00%}{1:100.00%}#####"],
        ["110#10#1", 3, "{0:67.47%, 1:32.53%}{1:53.53%, 0:46.47%}{1:67.47%, 0:32.53%}{1:69.73%, 0:30.27%}{0:41.32%, 9:38.28%, 1:20.40%}{1:69.73%, 0:30.27%}{1:67.77%, 0:32.23%}{0:64.71%, 1:35.29%}", "11010#11", 4, "{0:68.81%, 1:31.19%}{0:68.81%, 1:31.19%}{1:68.81%, 0:31.19%}#####", "#11#1##1", 0, "#{1:58.35%, 0:41.65%}##{0:67.67%, 1:32.33%}##{1:51.32%, 0:48.68%}", "11010111", 4, "{0:68.81%, 1:31.19%}{0:68.81%, 1:31.19%}{1:68.81%, 0:31.19%}#####", "1#010111", 4, "{0:100.00%}{0:100.00%}{1:100.00%}#####"],
        ["110##111", 4, "{0:61.20%, 1:38.80%}{0:61.20%, 1:38.80%}{1:61.20%, 0:38.80%}#####", "1101#111", 4, "{0:61.20%, 1:38.80%}{0:61.20%, 1:38.80%}{1:61.20%, 0:38.80%}#####", "11010111", 4, "{0:61.20%, 1:38.80%}{0:61.20%, 1:38.80%}{1:61.20%, 0:38.80%}#####", "1100#001", 3, "{0:69.40%, 1:30.60%}{0:53.16%, 1:46.84%}{1:69.72%, 0:30.28%}{1:70.54%, 0:29.46%}{9:47.87%, 0:32.55%, 1:19.57%}{1:70.54%, 0:29.46%}{1:69.99%, 0:30.01%}{0:68.24%, 1:31.76%}", "#1#111#1", 0, "#{1:65.52%, 0:34.48%}##{0:69.24%, 1:30.76%}##{0:56.33%, 1:43.67%}", "#1##1111", 0, "#{1:65.52%, 0:34.48%}##{0:69.24%, 1:30.76%}##{0:56.33%, 1:43.67%}", "110#0111", 4, "{0:61.21%, 1:38.79%}{0:61.21%, 1:38.79%}{1:61.21%, 0:38.79%}#####", "1100100#", 3, "{0:69.40%, 1:30.60%}{0:53.16%, 1:46.84%}{1:69.72%, 0:30.28%}{1:70.54%, 0:29.46%}{9:47.87%, 0:32.55%, 1:19.57%}{1:70.54%, 0:29.46%}{1:69.99%, 0:30.01%}{0:68.24%, 1:31.76%}"],
        ["11010111", 4, "{0:75.63%, 1:24.37%}{0:75.63%, 1:24.37%}{1:75.63%, 0:24.37%}#####", "#1#11##1", 0, "#{1:58.00%, 0:42.00%}##{0:70.76%, 1:29.24%}##{0:50.99%, 1:49.01%}", "110#10#1", 3, "{0:65.48%, 1:34.52%}{1:55.98%, 0:44.02%}{1:65.58%, 0:34.42%}{1:73.99%, 0:26.01%}{0:44.52%, 9:38.96%, 1:16.52%}{1:73.99%, 0:26.01%}{1:67.25%, 0:32.75%}{0:65.06%, 1:34.94%}", "1#001001", 3, "{0:65.48%, 1:34.52%}{1:55.98%, 0:44.02%}{1:65.58%, 0:34.42%}{1:73.99%, 0:26.01%}{0:44.52%, 9:38.96%, 1:16.52%}{1:73.99%, 0:26.01%}{1:67.25%, 0:32.75%}{0:65.06%, 1:34.94%}", "1100#001", 3, "{0:65.48%, 1:34.52%}{1:55.98%, 0:44.02%}{1:65.58%, 0:34.42%}{1:73.99%, 0:26.01%}{0:44.52%, 9:38.96%, 1:16.52%}{1:73.99%, 0:26.01%}{1:67.25%, 0:32.75%}{0:65.06%, 1:34.94%}", "1101011#", 4, "{0:100.00%}{0:100.00%}{1:100.00%}#####", "11010#11", 4, "{0:100.00%}{0:100.00%}{1:100.00%}#####", "11010111", 4, "{0:100.00%}{0:100.00%}{1:100.00%}#####", "1#010111", 4, "{0:100.00%}{0:100.00%}{1:100.00%}#####"],
        ["11010111", 4, "{0:63.09%, 1:36.91%}{0:63.09%, 1:36.91%}{1:63.09%, 0:36.91%}{1:86.23%, 0:13.77%}{0:86.23%, 1:13.77%}{1:86.23%, 0:13.77%}{1:86.23%, 0:13.77%}#", "#1#11##1", 0, "#{1:55.86%, 0:44.14%}##{0:65.43%, 1:34.57%}##{1:55.29%, 0:44.71%}", "110##0#1", 3, "{0:72.57%, 1:27.43%}{1:53.20%, 0:46.80%}{1:74.68%, 0:25.32%}{1:75.70%, 0:24.30%}{0:47.86%, 9:39.25%, 1:12.88%}{1:75.70%, 0:24.30%}{1:72.57%, 0:27.43%}{0:69.02%, 1:30.98%}", "11#010##", 3, "{0:72.57%, 1:27.43%}{1:53.20%, 0:46.80%}{1:74.68%, 0:25.32%}{1:75.70%, 0:24.30%}{0:47.86%, 9:39.25%, 1:12.88%}{1:75.70%, 0:24.30%}{1:72.57%, 0:27.43%}{0:69.02%, 1:30.98%}", "1#001001", 3, "{0:72.57%, 1:27.43%}{1:53.20%, 0:46.80%}{1:74.68%, 0:25.32%}{1:75.70%, 0:24.30%}{0:47.86%, 9:39.25%, 1:12.88%}{1:75.70%, 0:24.30%}{1:72.57%, 0:27.43%}{0:69.02%, 1:30.98%}"],
        ["1101011#", 4, "{0:61.75%, 1:38.25%}{0:61.75%, 1:38.25%}{1:61.75%, 0:38.25%}{1:83.88%, 0:16.12%}{0:83.88%, 1:16.12%}{1:83.88%, 0:16.12%}{1:83.88%, 0:16.12%}#", "#1##11#1", 0, "#{1:54.76%, 0:45.24%}##{0:62.56%, 1:37.44%}##{1:58.77%, 0:41.23%}", "##001001", 3, "{0:70.01%, 1:29.99%}{1:55.10%, 0:44.90%}{1:71.32%, 0:28.68%}{1:73.21%, 0:26.79%}{0:45.74%, 9:38.19%, 1:16.07%}{1:73.21%, 0:26.79%}{1:71.64%, 0:28.36%}{0:68.03%, 1:31.97%}", "1100100#", 3, "{0:70.07%, 1:29.93%}{1:55.08%, 0:44.92%}{1:71.33%, 0:28.67%}{1:73.20%, 0:26.80%}{0:45.73%, 9:38.18%, 1:16.09%}{1:73.20%, 0:26.80%}{1:71.65%, 0:28.35%}{0:67.99%, 1:32.01%}"],
        ["#1#111#1", 0, "#{1:54.89%, 0:45.11%}##{0:70.34%, 1:29.66%}##{1:52.43%, 0:47.57%}", "1#001001", 3, "{0:68.98%, 1:31.02%}{1:53.24%, 0:46.76%}{1:71.21%, 0:28.79%}{1:73.34%, 0:26.66%}{0:42.37%, 9:41.72%, 1:15.91%}{1:73.34%, 0:26.66%}{1:69.02%, 0:30.98%}{0:68.87%, 1:31.13%}", "11010111", 4, "{0:68.91%, 1:31.09%}{0:68.91%, 1:31.09%}{1:68.91%, 0:31.09%}#####"],
        ["#1#11111", 0, "#{1:61.45%, 0:38.55%}##{0:61.96%, 1:38.04%}##{1:53.29%, 0:46.71%}", "1101011#", 4, "{0:64.96%, 1:35.04%}{0:64.96%, 1:35.04%}{1:64.96%, 0:35.04%}{1:82.50%, 0:17.50%}{0:82.50%, 1:17.50%}{1:82.50%, 0:17.50%}{1:82.50%, 0:17.50%}#", "11#01001", 3, "{0:67.46%, 1:32.54%}{1:56.26%, 0:43.74%}{1:70.40%, 0:29.60%}{1:73.73%, 0:26.27%}{0:46.23%, 9:38.30%, 1:15.47%}{1:73.73%, 0:26.27%}{1:67.56%, 0:32.44%}{0:67.28%, 1:32.72%}", "#1#0100#", 3, "{0:67.37%, 1:32.63%}{1:56.28%, 0:43.72%}{1:70.29%, 0:29.71%}{1:73.56%, 0:26.44%}{0:46.20%, 9:38.26%, 1:15.54%}{1:73.56%, 0:26.44%}{1:67.47%, 0:32.53%}{0:67.21%, 1:32.79%}", "#1#01001", 3, "{0:67.37%, 1:32.63%}{1:56.28%, 0:43.72%}{1:70.29%, 0:29.71%}{1:73.56%, 0:26.44%}{0:46.20%, 9:38.26%, 1:15.54%}{1:73.56%, 0:26.44%}{1:67.47%, 0:32.53%}{0:67.21%, 1:32.79%}"],
        ["11010111", 4, "{0:68.48%, 1:31.52%}{0:68.48%, 1:31.52%}{1:68.48%, 0:31.52%}{1:93.38%, 0:6.62%}{0:93.38%, 1:6.62%}{1:93.38%, 0:6.62%}{1:93.38%, 0:6.62%}#", "#1#111#1", 0, "#{1:53.04%, 0:46.96%}##{0:70.62%, 1:29.38%}##{1:54.11%, 0:45.89%}", "1##01001", 3, "{0:69.13%, 1:30.87%}{1:52.37%, 0:47.63%}{1:69.14%, 0:30.86%}{1:71.17%, 0:28.83%}{9:41.96%, 0:40.05%, 1:17.98%}{1:71.17%, 0:28.83%}{1:69.20%, 0:30.80%}{0:68.87%, 1:31.13%}", "11#01001", 3, "{0:69.13%, 1:30.87%}{1:52.37%, 0:47.63%}{1:69.14%, 0:30.86%}{1:71.17%, 0:28.83%}{9:41.96%, 0:40.05%, 1:17.98%}{1:71.17%, 0:28.83%}{1:69.20%, 0:30.80%}{0:68.87%, 1:31.13%}"],
        ["1101011#", 4, "{0:70.34%, 1:29.66%}{0:70.34%, 1:29.66%}{1:70.34%, 0:29.66%}{1:90.45%, 0:9.55%}{0:90.45%, 1:9.55%}{1:90.45%, 0:9.55%}{1:90.45%, 0:9.55%}#", "#1#0100#", 3, "{0:64.49%, 1:35.51%}{1:60.04%, 0:39.96%}{1:68.96%, 0:31.04%}{1:71.92%, 0:28.08%}{0:49.54%, 9:32.13%, 1:18.33%}{1:71.92%, 0:28.08%}{1:64.49%, 0:35.51%}{0:63.09%, 1:36.91%}", "#11#1##1", 0, "#{1:58.13%, 0:41.87%}##{0:66.02%, 1:33.98%}##{1:52.83%, 0:47.17%}", "110010##", 3, "{0:64.49%, 1:35.51%}{1:60.04%, 0:39.96%}{1:68.96%, 0:31.04%}{1:71.92%, 0:28.08%}{0:49.54%, 9:32.13%, 1:18.33%}{1:71.92%, 0:28.08%}{1:64.49%, 0:35.51%}{0:63.09%, 1:36.91%}"],
        ["#1##1111", 0, "#{1:60.12%, 0:39.88%}##{0:64.38%, 1:35.62%}##{1:52.43%, 0:47.57%}", "1#0010#1", 3, "{0:63.50%, 1:36.50%}{1:60.33%, 0:39.67%}{1:63.85%, 0:36.15%}{1:67.79%, 0:32.21%}{0:44.41%, 9:32.35%, 1:23.23%}{1:67.79%, 0:32.21%}{1:64.64%, 0:35.36%}{0:63.30%, 1:36.70%}", "110010#1", 3, "{0:63.50%, 1:36.50%}{1:60.33%, 0:39.67%}{1:63.85%, 0:36.15%}{1:67.79%, 0:32.21%}{0:44.41%, 9:32.35%, 1:23.23%}{1:67.79%, 0:32.21%}{1:64.64%, 0:35.36%}{0:63.30%, 1:36.70%}", "11010111", 4, "{0:66.18%, 1:33.82%}{0:66.18%, 1:33.82%}{1:66.18%, 0:33.82%}{1:87.09%, 0:12.91%}{0:87.09%, 1:12.91%}{1:87.09%, 0:12.91%}{1:87.09%, 0:12.91%}#"]
    ]
}]